id,node_1,node_2
0,353,371
1,239,728
2,877,118
3,475,740
4,955,383
5,433,955
6,335,893
7,826,831
8,930,993
9,104,194
10,34,237
11,706,763
12,611,455
13,768,781
14,541,149
15,642,956
16,619,210
17,912,471
18,73,305
19,653,373
20,958,121
21,805,580
22,287,679
23,734,785
24,554,888
25,411,499
26,284,75
27,617,641
28,871,890
29,458,230
30,490,424
31,346,680
32,360,623
33,799,189
34,852,556
35,546,606
36,867,585
37,922,904
38,415,112
39,380,178
40,954,441
41,70,732
42,475,584
43,336,538
44,356,17
45,412,488
46,862,759
47,188,320
48,456,831
49,887,715
50,838,91
51,746,188
52,610,447
53,482,965
54,447,645
55,54,508
56,20,266
57,988,235
58,521,826
59,236,46
60,918,880
61,123,630
62,542,454
63,493,252
64,132,655
65,695,721
66,322,80
67,83,590
68,172,535
69,299,568
70,606,905
71,296,784
72,878,412
73,275,15
74,224,362
75,333,604
76,224,25
77,51,338
78,735,571
79,484,573
80,259,249
81,327,822
82,182,903
83,242,972
84,748,747
85,299,477
86,544,61
87,708,432
88,278,136
89,398,969
90,365,760
91,514,679
92,705,574
93,10,250
94,802,954
95,824,763
96,185,118
97,518,778
98,240,731
99,22,813
100,105,56
101,27,24
102,647,504
103,185,963
104,302,139
105,862,671
106,242,825
107,366,527
108,531,65
109,10,428
110,698,402
111,555,368
112,515,900
113,596,174
114,697,638
115,952,826
116,554,749
117,529,611
118,25,197
119,291,308
120,928,752
121,975,32
122,975,633
123,482,597
124,389,994
125,491,284
126,524,795
127,353,336
128,162,997
129,439,347
130,715,533
131,2,671
132,755,930
133,639,901
134,953,176
135,506,960
136,725,161
137,615,540
138,362,955
139,233,785
140,154,410
141,643,731
142,422,369
143,777,771
144,899,996
145,216,790
146,313,525
147,150,233
148,304,117
149,602,539
150,522,448
151,725,567
152,987,915
153,911,643
154,895,26
155,686,830
156,976,941
157,803,157
158,896,432
159,320,216
160,53,727
161,214,76
162,292,519
163,314,198
164,285,928
165,605,772
166,53,137
167,148,890
168,571,676
169,713,197
170,636,504
171,434,829
172,914,1002
173,581,631
174,999,958
175,399,702
176,373,535
177,498,262
178,936,779
179,257,798
180,831,934
181,536,362
182,544,105
183,605,845
184,310,409
185,481,664
186,175,315
187,763,244
188,697,613
189,38,721
190,594,250
191,834,6
192,118,934
193,946,843
194,226,194
195,0,286
196,355,407
197,734,716
198,891,485
199,282,613
200,74,904
201,609,732
202,421,884
203,720,873
204,902,209
205,689,816
206,30,127
207,518,984
208,316,75
209,98,106
210,417,90
211,215,774
212,182,139
213,976,247
214,43,429
215,680,335
216,258,166
217,22,457
218,872,130
219,677,620
220,987,276
221,738,823
222,331,25
223,194,245
224,995,572
225,884,754
226,902,823
227,606,675
228,459,711
229,906,478
230,596,934
231,260,563
232,916,71
233,384,350
234,21,807
235,377,549
236,762,613
237,735,665
238,410,832
239,900,594
240,15,33
241,487,443
242,927,899
243,431,929
244,886,975
245,620,658
246,371,622
247,49,55
248,98,49
249,918,694
250,287,569
251,815,29
252,452,989
253,573,387
254,783,486
255,234,894
256,25,545
257,955,820
258,190,553
259,496,83
260,364,915
261,688,932
262,621,42
263,355,620
264,147,372
265,866,667
266,461,220
267,644,35
268,791,921
269,190,969
270,474,18
271,654,437
272,595,554
273,662,658
274,278,465
275,405,160
276,956,375
277,970,127
278,475,947
279,796,355
280,97,309
281,846,988
282,608,122
283,950,966
284,698,815
285,771,376
286,256,961
287,187,750
288,312,768
289,75,967
290,217,219
291,361,697
292,929,600
293,814,613
294,984,288
295,672,536
296,105,999
297,523,623
298,867,578
299,365,972
300,674,410
301,132,943
302,363,738
303,696,312
304,667,74
305,226,188
306,886,591
307,141,332
308,115,582
309,215,339
310,989,468
311,113,415
312,151,454
313,19,548
314,716,914
315,250,667
316,525,254
317,996,139
318,715,666
319,288,279
320,183,799
321,962,857
322,86,314
323,698,235
324,682,875
325,13,355
326,359,227
327,525,213
328,517,794
329,853,464
330,368,100
331,622,760
332,630,556
333,144,107
334,519,941
335,661,831
336,730,972
337,331,49
338,482,774
339,451,342
340,476,860
341,616,3
342,855,364
343,825,67
344,381,209
345,974,411
346,68,647
347,192,555
348,679,725
349,502,140
350,890,286
351,266,620
352,91,69
353,874,966
354,184,940
355,14,760
356,436,708
357,783,296
358,886,672
359,36,330
360,10,742
361,587,595
362,383,821
363,733,883
364,877,523
365,28,676
366,487,912
367,31,927
368,145,583
369,769,151
370,740,886
371,162,658
372,908,290
373,487,686
374,980,315
375,391,214
376,937,738
377,629,120
378,60,313
379,614,71
380,995,828
381,898,708
382,213,1000
383,22,292
384,205,625
385,588,460
386,393,889
387,405,952
388,710,733
389,718,518
390,217,26
391,835,479
392,560,156
393,937,402
394,100,674
395,621,74
396,3,707
397,457,453
398,917,896
399,104,717
400,345,549
401,157,611
402,89,351
403,52,749
404,191,581
405,992,766
406,398,1
407,378,124
408,973,363
409,406,775
410,878,81
411,535,694
412,838,85
413,213,188
414,980,34
415,218,477
416,843,239
417,469,377
418,154,560
419,543,932
420,605,343
421,952,359
422,941,791
423,797,262
424,559,839
425,530,321
426,607,336
427,218,650
428,575,875
429,947,521
430,976,852
431,726,408
432,889,277
433,399,107
434,146,121
435,538,968
436,178,916
437,162,466
438,674,743
439,793,947
440,319,776
441,60,600
442,217,289
443,982,543
444,375,464
445,261,626
446,793,900
447,798,123
448,86,324
449,777,686
450,349,46
451,927,254
452,778,256
453,263,511
454,261,945
455,649,517
456,81,539
457,987,199
458,23,214
459,710,830
460,621,2
461,842,422
462,783,826
463,612,686
464,494,617
465,859,518
466,11,2
467,429,530
468,635,293
469,948,320
470,740,771
471,414,642
472,356,949
473,474,388
474,17,416
475,69,664
476,915,593
477,377,668
478,72,108
479,414,106
480,75,682
481,859,824
482,686,564
483,538,365
484,215,23
485,697,763
486,65,954
487,130,664
488,182,883
489,654,107
490,201,352
491,202,172
492,228,287
493,466,967
494,555,254
495,196,933
496,332,857
497,165,477
498,471,731
499,618,855
500,46,463
501,491,398
502,677,686
503,393,866
504,269,969
505,228,488
506,993,829
507,180,606
508,533,963
509,166,977
510,756,591
511,793,923
512,376,44
513,578,485
514,444,314
515,767,512
516,857,335
517,182,281
518,9,970
519,421,174
520,211,750
521,241,421
522,517,386
523,181,281
524,899,290
525,795,292
526,198,68
527,768,606
528,767,771
529,691,279
530,12,110
531,629,439
532,908,779
533,656,31
534,4,923
535,519,583
536,428,18
537,913,184
538,516,339
539,401,72
540,943,373
541,525,547
542,133,796
543,220,177
544,246,526
545,278,448
546,451,939
547,99,871
548,212,458
549,111,523
550,341,282
551,26,970
552,755,905
553,858,786
554,275,848
555,665,156
556,656,766
557,731,501
558,106,121
559,479,359
560,67,515
561,345,300
562,158,903
563,718,220
564,712,288
565,511,552
566,318,980
567,348,796
568,504,247
569,831,304
570,957,681
571,458,617
572,429,648
573,360,486
574,457,332
575,121,363
576,316,374
577,714,556
578,623,933
579,524,505
580,185,893
581,938,433
582,842,583
583,958,996
584,713,990
585,530,0
586,974,650
587,782,932
588,97,41
589,25,956
590,569,1001
591,867,517
592,839,624
593,317,610
594,89,479
595,145,941
596,973,5
597,690,975
598,778,600
599,76,8
600,432,523
601,54,943
602,635,90
603,255,410
604,834,135
605,302,145
606,431,785
607,103,899
608,596,342
609,393,434
610,639,625
611,672,856
612,139,857
613,982,387
614,381,805
615,267,310
616,816,97
617,630,693
618,63,408
619,422,884
620,843,865
621,670,431
622,176,943
623,967,225
624,196,157
625,73,853
626,886,500
627,212,336
628,286,45
629,686,1003
630,345,702
631,44,951
632,940,374
633,331,164
634,768,417
635,110,666
636,607,475
637,756,690
638,414,848
639,632,169
640,107,957
641,488,221
642,979,914
643,76,668
644,457,518
645,119,139
646,100,617
647,862,1
648,160,281
649,193,13
650,754,101
651,575,605
652,568,643
653,435,446
654,962,296
655,495,225
656,644,418
657,735,998
658,798,645
659,27,771
660,201,459
661,198,178
662,92,216
663,527,155
664,354,187
665,48,942
666,906,491
667,636,270
668,329,369
669,975,830
670,324,937
671,70,946
672,443,240
673,792,620
674,477,932
675,701,463
676,46,479
677,403,24
678,397,906
679,664,619
680,142,852
681,551,953
682,764,284
683,401,810
684,430,154
685,161,69
686,885,645
687,121,888
688,138,605
689,97,640
690,512,499
691,502,942
692,786,59
693,808,110
694,832,803
695,858,470
696,458,40
697,630,90
698,676,478
699,618,880
700,86,229
701,232,121
702,446,321
703,270,30
704,969,370
705,864,115
706,630,976
707,232,390
708,710,557
709,19,821
710,867,80
711,65,888
712,694,1001
713,779,701
714,788,644
715,152,546
716,212,986
717,115,945
718,1001,628
719,448,808
720,406,639
721,159,759
722,539,825
723,394,724
724,487,174
725,774,656
726,739,707
727,100,501
728,696,301
729,370,637
730,988,1003
731,384,996
732,597,756
733,611,281
734,668,561
735,612,743
736,655,861
737,336,890
738,319,199
739,667,600
740,175,760
741,818,843
742,505,655
743,534,90
744,353,756
745,10,226
746,454,358
747,995,121
748,179,682
749,943,520
750,360,574
751,793,902
752,983,248
753,550,6
754,682,440
755,90,792
756,734,983
757,115,134
758,76,200
759,26,908
760,279,348
761,693,764
762,938,478
763,160,658
764,126,55
765,669,91
766,889,336
767,753,309
768,264,904
769,162,592
770,253,846
771,479,866
772,806,540
773,234,449
774,59,788
775,280,909
776,18,204
777,784,385
778,202,438
779,861,295
780,653,815
781,515,712
782,981,33
783,328,450
784,684,909
785,261,104
786,259,217
787,429,826
788,409,977
789,651,908
790,956,489
791,801,484
792,810,399
793,907,380
794,917,323
795,0,991
796,444,278
797,300,262
798,875,989
799,1002,879
800,196,209
801,729,434
802,272,538
803,86,626
804,409,69
805,621,641
806,757,557
807,460,296
808,739,729
809,277,619
810,57,455
811,304,189
812,479,269
813,791,696
814,659,914
815,941,331
816,335,135
817,904,768
818,31,408
819,695,549
820,30,628
821,737,340
822,208,298
823,995,44
824,712,209
825,502,637
826,277,706
827,548,811
828,742,7
829,923,215
830,978,568
831,621,179
832,463,285
833,16,981
834,86,515
835,772,990
836,206,693
837,794,702
838,905,433
839,925,946
840,920,264
841,60,139
842,490,720
843,649,247
844,258,513
845,417,482
846,374,898
847,332,864
848,440,420
849,263,743
850,354,148
851,273,421
852,234,747
853,567,259
854,364,680
855,356,766
856,381,487
857,955,286
858,296,135
859,654,800
860,506,119
861,94,654
862,383,498
863,519,420
864,216,262
865,837,717
866,640,131
867,421,593
868,60,188
869,357,301
870,970,594
871,208,453
872,451,739
873,285,48
874,311,164
875,219,300
876,126,811
877,624,565
878,530,985
879,268,928
880,890,568
881,855,885
882,461,562
883,75,303
884,190,573
885,801,933
886,853,114
887,213,730
888,811,639
889,26,216
890,439,905
891,769,614
892,664,313
893,419,205
894,500,450
895,865,179
896,393,76
897,23,242
898,880,740
899,985,209
900,682,641
901,393,826
902,257,663
903,54,538
904,33,648
905,0,734
906,190,724
907,43,36
908,520,68
909,774,403
910,13,711
911,873,815
912,689,990
913,330,597
914,99,105
915,938,862
916,27,317
917,3,25
918,790,63
919,656,840
920,456,363
921,872,922
922,353,252
923,266,548
924,801,89
925,895,92
926,297,291
927,26,469
928,85,676
929,507,406
930,944,1000
931,330,713
932,34,113
933,285,450
934,289,651
935,143,294
936,241,909
937,22,624
938,351,776
939,240,408
940,484,917
941,225,660
942,216,233
943,980,406
944,685,261
945,694,725
946,686,838
947,982,104
948,587,908
949,317,413
950,396,843
951,349,162
952,141,595
953,651,682
954,35,793
955,981,867
956,856,137
957,954,455
958,118,755
959,81,739
960,196,174
961,926,191
962,320,72
963,805,143
964,638,355
965,443,742
966,890,442
967,246,585
968,355,577
969,68,62
970,602,91
971,943,574
972,468,617
973,583,428
974,151,843
975,972,127
976,678,481
977,534,104
978,485,432
979,992,979
980,167,666
981,245,731
982,554,953
983,9,937
984,492,354
985,380,704
986,735,537
987,763,254
988,495,209
989,733,745
990,752,983
991,107,821
992,985,554
993,988,152
994,671,914
995,885,161
996,179,804
997,104,746
998,706,983
999,962,1003
1000,798,934
1001,359,956
1002,462,966
1003,484,576
1004,290,646
1005,115,876
1006,358,147
1007,309,646
1008,639,920
1009,846,874
1010,324,149
1011,739,970
1012,246,974
1013,957,499
1014,345,791
1015,389,327
1016,404,713
1017,27,891
1018,705,847
1019,448,895
1020,596,152
1021,100,862
1022,281,225
1023,230,783
1024,96,137
1025,196,764
1026,117,656
1027,75,426
1028,660,891
1029,126,484
1030,744,48
1031,643,689
1032,295,897
1033,759,551
1034,627,933
1035,942,315
1036,144,444
1037,974,142
1038,72,754
1039,485,17
1040,72,912
1041,666,793
1042,591,699
1043,853,1003
1044,639,62
1045,1003,705
1046,637,514
1047,237,263
1048,429,253
1049,935,651
1050,261,160
1051,932,377
1052,365,801
1053,341,913
1054,416,827
1055,893,731
1056,630,883
1057,6,27
1058,741,114
1059,856,671
1060,404,357
1061,945,669
1062,101,282
1063,508,332
1064,610,250
1065,702,802
1066,474,859
1067,909,631
1068,644,334
1069,72,643
1070,837,34
1071,25,133
1072,563,133
1073,867,855
1074,116,183
1075,145,306
1076,742,917
1077,258,153
1078,195,503
1079,955,32
1080,561,875
1081,76,71
1082,665,984
1083,404,200
1084,717,599
1085,318,334
1086,615,221
1087,825,466
1088,461,601
1089,352,298
1090,335,751
1091,404,527
1092,160,2
1093,547,393
1094,462,911
1095,362,172
1096,60,879
1097,829,567
1098,614,57
1099,800,788
1100,653,953
1101,856,503
1102,716,839
1103,821,9
1104,645,577
1105,664,23
1106,467,332
1107,880,811
1108,920,563
1109,371,374
1110,246,208
1111,212,87
1112,577,677
1113,357,608
1114,700,151
1115,113,921
1116,667,767
1117,824,541
1118,544,298
1119,911,309
1120,447,590
1121,234,379
1122,899,800
1123,329,453
1124,494,221
1125,721,807
1126,973,282
1127,61,496
1128,275,951
1129,638,460
1130,401,674
1131,166,850
1132,945,223
1133,653,445
1134,600,818
1135,350,66
1136,632,678
1137,785,597
1138,532,115
1139,116,952
1140,832,91
1141,170,444
1142,216,308
1143,564,314
1144,39,840
1145,229,910
1146,840,721
1147,638,472
1148,568,404
1149,391,875
1150,236,813
1151,932,20
1152,339,884
1153,42,12
1154,512,344
1155,885,504
1156,794,504
1157,171,985
1158,9,276
1159,341,954
1160,66,149
1161,144,221
1162,642,455
1163,204,571
1164,721,127
1165,716,67
1166,684,461
1167,50,657
1168,656,114
1169,21,53
1170,976,818
1171,735,351
1172,476,165
1173,921,228
1174,959,428
1175,85,437
1176,181,876
1177,882,739
1178,667,252
1179,324,840
1180,686,857
1181,718,364
1182,20,644
1183,43,574
1184,841,271
1185,231,434
1186,605,40
1187,634,399
1188,173,174
1189,482,555
1190,470,534
1191,756,887
1192,817,423
1193,681,936
1194,103,162
1195,113,292
1196,998,204
1197,759,923
1198,715,745
1199,235,794
1200,708,229
1201,831,394
1202,184,683
1203,211,563
1204,962,1000
1205,678,394
1206,167,522
1207,282,911
1208,653,985
1209,938,444
1210,432,225
1211,738,66
1212,500,800
1213,451,895
1214,979,346
1215,22,709
1216,483,94
1217,31,383
1218,656,390
1219,447,408
1220,531,569
1221,521,259
1222,503,18
1223,313,788
1224,244,919
1225,347,593
1226,54,990
1227,580,322
1228,16,889
1229,542,415
1230,722,849
1231,242,589
1232,779,199
1233,656,393
1234,597,734
1235,489,54
1236,113,500
1237,814,493
1238,461,769
1239,464,966
1240,223,257
1241,720,767
1242,67,953
1243,647,126
1244,776,121
1245,840,141
1246,833,617
1247,253,65
1248,246,298
1249,886,324
1250,996,866
1251,848,532
1252,61,582
1253,368,771
1254,476,815
1255,136,335
1256,507,294
1257,511,794
1258,931,67
1259,41,217
1260,427,515
1261,116,862
1262,9,793
1263,260,224
1264,220,341
1265,353,613
1266,788,510
1267,376,712
1268,298,952
1269,379,901
1270,546,683
1271,428,413
1272,856,92
1273,799,568
1274,763,92
1275,899,416
1276,130,251
1277,874,884
1278,38,217
1279,961,214
1280,125,293
1281,86,518
1282,735,850
1283,827,258
1284,592,379
1285,143,170
1286,657,444
1287,29,609
1288,884,811
1289,108,275
1290,901,31
1291,3,268
1292,943,560
1293,391,938
1294,714,24
1295,752,86
1296,435,303
1297,204,269
1298,92,513
1299,486,790
1300,803,697
1301,479,219
1302,632,397
1303,314,25
1304,943,801
1305,892,609
1306,1002,339
1307,794,751
1308,234,528
1309,372,165
1310,193,268
1311,762,297
1312,548,77
1313,712,417
1314,924,102
1315,425,722
1316,812,910
1317,52,608
1318,753,285
1319,537,784
1320,36,289
1321,563,817
1322,554,265
1323,923,544
1324,939,826
1325,913,606
1326,440,38
1327,989,714
1328,828,952
1329,42,774
1330,0,274
1331,657,468
1332,661,707
1333,619,364
1334,833,699
1335,94,194
1336,604,7
1337,350,720
1338,869,913
1339,394,87
1340,914,241
1341,604,778
1342,641,874
1343,456,426
1344,66,460
1345,243,764
1346,1000,925
1347,716,108
1348,426,870
1349,366,565
1350,731,129
1351,303,967
1352,651,300
1353,814,789
1354,510,595
1355,988,613
1356,118,841
1357,213,502
1358,180,610
1359,60,568
1360,931,964
1361,629,459
1362,671,65
1363,138,719
1364,593,436
1365,351,752
1366,28,444
1367,528,530
1368,325,503
1369,977,504
1370,105,92
1371,216,630
1372,916,855
1373,728,109
1374,75,905
1375,772,205
1376,440,836
1377,651,629
1378,834,973
1379,403,869
1380,850,685
1381,532,785
1382,401,276
1383,623,432
1384,346,605
1385,446,201
1386,563,948
1387,996,525
1388,90,141
1389,483,728
1390,774,963
1391,21,119
1392,742,303
1393,470,280
1394,572,347
1395,15,666
1396,557,426
1397,30,675
1398,553,635
1399,445,836
1400,48,533
1401,886,122
1402,137,88
1403,467,320
1404,771,37
1405,81,973
1406,50,655
1407,780,209
1408,162,189
1409,747,326
1410,210,611
1411,711,299
1412,1,689
1413,189,201
1414,768,199
1415,788,777
1416,681,926
1417,432,388
1418,399,873
1419,878,437
1420,290,164
1421,47,96
1422,594,36
1423,222,797
1424,331,862
1425,380,459
1426,414,391
1427,68,504
1428,322,666
1429,436,953
1430,733,72
1431,591,964
1432,532,821
1433,16,209
1434,151,679
1435,57,125
1436,590,432
1437,618,833
1438,507,683
1439,66,394
1440,707,689
1441,966,850
1442,99,949
1443,241,376
1444,869,262
1445,179,277
1446,970,854
1447,651,11
1448,961,950
1449,790,494
1450,520,577
1451,22,350
1452,468,545
1453,599,854
1454,46,657
1455,831,82
1456,733,749
1457,341,387
1458,7,436
1459,362,6
1460,909,349
1461,543,298
1462,959,267
1463,419,170
1464,761,69
1465,678,909
1466,926,737
1467,62,84
1468,883,176
1469,722,674
1470,146,850
1471,803,517
1472,994,1003
1473,35,836
1474,836,704
1475,925,564
1476,712,458
1477,522,18
1478,527,960
1479,270,135
1480,406,975
1481,403,999
1482,15,407
1483,957,432
1484,756,509
1485,507,478
1486,129,667
1487,241,573
1488,885,696
1489,134,343
1490,902,836
1491,456,557
1492,406,549
1493,911,719
1494,101,236
1495,699,946
1496,801,845
1497,660,265
1498,398,964
1499,242,866
1500,423,375
1501,583,868
1502,655,532
1503,917,770
1504,924,719
1505,741,260
1506,996,454
1507,78,768
1508,96,4
1509,671,602
1510,335,369
1511,4,170
1512,411,10
1513,930,798
1514,301,532
1515,182,756
1516,728,598
1517,207,788
1518,925,628
1519,591,907
1520,341,848
1521,864,214
1522,4,913
1523,994,45
1524,336,340
1525,422,406
1526,9,539
1527,454,979
1528,683,434
1529,299,402
1530,118,759
1531,38,200
1532,249,637
1533,986,801
1534,910,753
1535,800,915
1536,561,144
1537,822,267
1538,560,169
1539,886,413
1540,49,12
1541,363,860
1542,615,732
1543,265,119
1544,416,799
1545,466,713
1546,402,964
1547,161,153
1548,14,128
1549,210,87
1550,263,449
1551,169,922
1552,522,811
1553,212,997
1554,569,779
1555,881,946
1556,871,168
1557,185,142
1558,717,576
1559,959,621
1560,638,63
1561,500,569
1562,462,152
1563,798,858
1564,779,432
1565,175,939
1566,290,492
1567,678,484
1568,739,176
1569,931,409
1570,457,593
1571,643,682
1572,44,562
1573,113,632
1574,455,428
1575,775,72
1576,726,11
1577,186,877
1578,247,369
1579,501,47
1580,872,178
1581,583,558
1582,98,857
1583,492,728
1584,684,660
1585,157,188
1586,99,951
1587,142,264
1588,85,289
1589,946,542
1590,941,1003
1591,318,1003
1592,187,746
1593,590,829
1594,661,30
1595,206,47
1596,93,459
1597,466,480
1598,756,934
1599,328,572
1600,692,344
1601,611,129
1602,574,914
1603,979,681
1604,166,638
1605,192,679
1606,675,382
1607,107,713
1608,318,884
1609,788,418
1610,575,117
1611,656,757
1612,866,164
1613,56,205
1614,232,538
1615,46,28
1616,624,295
1617,447,230
1618,672,718
1619,547,560
1620,939,759
1621,629,116
1622,729,302
1623,17,440
1624,477,76
1625,735,943
1626,438,574
1627,586,548
1628,261,575
1629,732,826
1630,541,452
1631,563,713
1632,167,524
1633,94,487
1634,985,959
1635,503,444
1636,572,423
1637,763,482
1638,685,134
1639,143,956
1640,233,23
1641,620,530
1642,852,643
1643,131,679
1644,639,988
1645,776,97
1646,295,850
1647,81,153
1648,616,964
1649,513,633
1650,291,100
1651,428,865
1652,742,155
1653,649,804
1654,294,199
1655,56,162
1656,187,901
1657,353,764
1658,646,542
1659,646,885
1660,772,495
1661,795,387
1662,484,662
1663,989,530
1664,798,654
1665,909,629
1666,913,780
1667,28,701
1668,320,608
1669,447,839
1670,866,497
1671,451,104
1672,196,875
1673,237,602
1674,3,21
1675,916,30
1676,647,845
1677,326,576
1678,827,781
1679,731,140
1680,138,143
1681,554,945
1682,859,276
1683,699,734
1684,603,911
1685,242,813
1686,874,603
1687,593,503
1688,704,357
1689,311,978
1690,848,524
1691,722,499
1692,557,894
1693,42,458
1694,926,530
1695,775,345
1696,487,360
1697,661,141
1698,313,75
1699,888,101
1700,45,708
1701,485,452
1702,94,448
1703,838,824
1704,431,243
1705,396,941
1706,203,225
1707,197,825
1708,143,723
1709,501,783
1710,440,254
1711,45,872
1712,5,946
1713,916,494
1714,262,327
1715,15,598
1716,727,591
1717,996,524
1718,411,150
1719,826,293
1720,96,44
1721,708,580
1722,519,281
1723,66,124
1724,513,923
1725,500,285
1726,28,94
1727,178,34
1728,606,507
1729,852,875
1730,115,520
1731,326,354
1732,564,432
1733,134,104
1734,870,971
1735,908,54
1736,170,466
1737,951,729
1738,632,801
1739,728,678
1740,594,688
1741,6,789
1742,424,619
1743,274,131
1744,849,137
1745,706,617
1746,797,944
1747,673,299
1748,530,546
1749,858,349
1750,858,473
1751,837,518
1752,29,4
1753,269,270
1754,708,193
1755,354,397
1756,747,907
1757,300,823
1758,651,387
1759,251,874
1760,733,415
1761,456,228
1762,851,491
1763,801,334
1764,374,709
1765,885,287
1766,946,325
1767,140,438
1768,319,478
1769,546,817
1770,287,65
1771,695,591
1772,699,279
1773,723,358
1774,386,177
1775,272,616
1776,178,36
1777,985,112
1778,848,410
1779,738,51
1780,184,53
1781,262,623
1782,707,678
1783,988,850
1784,960,969
1785,554,916
1786,956,768
1787,594,281
1788,411,810
1789,122,97
1790,907,972
1791,309,613
1792,322,526
1793,905,152
1794,822,712
1795,15,405
1796,132,727
1797,359,881
1798,877,462
1799,41,303
1800,487,409
1801,114,932
1802,385,925
1803,612,129
1804,932,879
1805,375,402
1806,104,312
1807,200,303
1808,729,114
1809,543,813
1810,268,427
1811,273,359
1812,224,504
1813,223,414
1814,91,703
1815,775,499
1816,612,277
1817,156,944
1818,638,675
1819,67,879
1820,187,319
1821,715,249
1822,960,378
1823,177,76
1824,316,73
1825,1001,927
1826,809,563
1827,160,543
1828,958,246
1829,370,145
1830,328,548
1831,921,340
1832,937,855
1833,772,999
1834,98,444
1835,662,978
1836,661,363
1837,901,180
1838,534,83
1839,194,552
1840,144,355
1841,380,269
1842,209,721
1843,304,138
1844,828,642
1845,814,758
1846,238,474
1847,118,391
1848,58,100
1849,406,855
1850,345,202
1851,926,8
1852,965,386
1853,854,712
1854,960,830
1855,141,570
1856,162,26
1857,311,459
1858,911,720
1859,869,921
1860,227,314
1861,255,123
1862,148,290
1863,221,441
1864,284,612
1865,83,23
1866,996,675
1867,541,366
1868,741,938
1869,728,457
1870,648,597
1871,879,427
1872,587,810
1873,496,259
1874,729,863
1875,55,970
1876,506,380
1877,846,837
1878,680,570
1879,969,309
1880,499,692
1881,611,730
1882,751,972
1883,165,846
1884,706,93
1885,904,412
1886,710,448
1887,306,359
1888,85,462
1889,514,241
1890,746,985
1891,497,548
1892,126,870
1893,316,210
1894,713,863
1895,397,902
1896,688,721
1897,10,739
1898,254,948
1899,29,973
1900,361,52
1901,256,529
1902,378,490
1903,73,216
1904,839,623
1905,902,775
1906,104,1001
1907,379,428
1908,224,951
1909,872,794
1910,987,285
1911,893,6
1912,345,428
1913,483,585
1914,685,231
1915,185,70
1916,163,597
1917,672,123
1918,194,529
1919,2,149
1920,258,80
1921,525,79
1922,89,191
1923,292,885
1924,926,754
1925,157,353
1926,642,238
1927,285,534
1928,57,422
1929,824,303
1930,952,197
1931,626,533
1932,693,871
1933,220,312
1934,671,576
1935,401,292
1936,134,341
1937,608,295
1938,355,245
1939,417,578
1940,246,759
1941,427,728
1942,959,815
1943,698,98
1944,898,4
1945,846,104
1946,579,132
1947,930,74
1948,30,887
1949,694,313
1950,47,417
1951,861,423
1952,930,572
1953,109,663
1954,958,379
1955,263,477
1956,892,632
1957,259,891
1958,741,43
1959,667,537
1960,107,22
1961,68,525
1962,816,526
1963,331,480
1964,603,762
1965,420,89
1966,493,75
1967,146,276
1968,252,730
1969,115,85
1970,227,337
1971,219,771
1972,397,614
1973,366,898
1974,71,917
1975,723,977
1976,243,77
1977,801,544
1978,503,24
1979,902,999
1980,777,140
1981,522,815
1982,636,374
1983,478,741
1984,370,196
1985,67,862
1986,80,984
1987,781,936
1988,784,683
1989,860,571
1990,978,581
1991,11,154
1992,415,433
1993,532,830
1994,456,272
1995,327,760
1996,858,341
1997,735,875
1998,220,424
1999,573,99
2000,373,706
2001,99,162
2002,856,87
2003,77,512
2004,158,196
2005,915,450
2006,684,223
2007,482,251
2008,672,329
2009,836,468
2010,254,768
2011,371,565
2012,121,804
2013,215,133
2014,118,422
2015,496,797
2016,293,440
2017,761,803
2018,410,565
2019,156,162
2020,131,984
2021,126,1004
2022,866,584
2023,720,561
2024,589,264
2025,647,256
2026,645,942
2027,807,606
2028,749,214
2029,930,241
2030,79,380
2031,107,281
2032,636,786
2033,555,444
2034,772,559
2035,177,979
2036,834,991
2037,390,181
2038,439,113
2039,185,744
2040,364,252
2041,79,735
2042,723,266
2043,581,87
2044,982,528
2045,232,41
2046,402,411
2047,474,233
2048,937,105
2049,197,586
2050,841,254
2051,286,130
2052,885,280
2053,158,554
2054,7,789
2055,947,53
2056,485,753
2057,78,174
2058,164,314
2059,594,849
2060,844,825
2061,518,499
2062,370,199
2063,342,515
2064,912,9
2065,80,810
2066,72,713
2067,417,857
2068,69,698
2069,911,128
2070,669,253
2071,647,989
2072,666,222
2073,470,148
2074,265,459
2075,387,740
2076,91,813
2077,626,455
2078,30,606
2079,957,562
2080,518,313
2081,112,482
2082,534,882
2083,863,536
2084,128,459
2085,937,909
2086,414,13
2087,615,410
2088,110,16
2089,604,770
2090,684,697
2091,305,966
2092,975,584
2093,937,715
2094,614,179
2095,478,631
2096,946,430
2097,875,63
2098,379,600
2099,578,600
2100,60,294
2101,292,849
2102,470,23
2103,360,222
2104,102,960
2105,393,928
2106,825,100
2107,280,239
2108,182,948
2109,151,675
2110,406,818
2111,735,517
2112,33,284
2113,948,245
2114,92,879
2115,289,0
2116,271,223
2117,115,8
2118,786,13
2119,501,860
2120,943,265
2121,109,523
2122,628,911
2123,158,177
2124,577,185
2125,63,573
2126,800,452
2127,567,768
2128,941,285
2129,58,798
2130,67,370
2131,801,268
2132,138,384
2133,394,388
2134,949,208
2135,700,234
2136,700,98
2137,629,285
2138,540,131
2139,77,700
2140,377,22
2141,390,691
2142,174,481
2143,628,823
2144,344,58
2145,702,158
2146,992,52
2147,720,518
2148,145,639
2149,708,116
2150,215,219
2151,620,306
2152,639,444
2153,985,697
2154,287,207
2155,355,582
2156,715,402
2157,754,24
2158,784,826
2159,556,764
2160,57,221
2161,48,518
2162,576,877
2163,951,874
2164,746,715
2165,604,145
2166,794,857
2167,203,410
2168,750,659
2169,615,310
2170,901,588
2171,20,857
2172,1001,163
2173,486,515
2174,266,1
2175,949,780
2176,580,109
2177,986,229
2178,212,293
2179,638,570
2180,454,864
2181,773,723
2182,289,286
2183,192,745
2184,789,569
2185,220,655
2186,576,921
2187,19,655
2188,47,532
2189,726,714
2190,550,507
2191,164,475
2192,26,880
2193,970,510
2194,299,857
2195,198,486
2196,810,812
2197,831,446
2198,673,927
2199,73,979
2200,349,338
2201,98,26
2202,967,899
2203,74,713
2204,423,607
2205,104,4
2206,975,129
2207,47,164
2208,14,691
2209,553,230
2210,377,289
2211,89,411
2212,161,136
2213,45,879
2214,250,716
2215,309,972
2216,923,258
2217,106,566
2218,814,499
2219,768,165
2220,815,62
2221,25,321
2222,708,734
2223,148,289
2224,738,887
2225,199,101
2226,277,160
2227,505,854
2228,243,569
2229,670,636
2230,264,320
2231,450,309
2232,930,172
2233,731,791
2234,797,681
2235,920,478
2236,847,926
2237,17,940
2238,890,80
2239,955,579
2240,953,214
2241,687,555
2242,746,75
2243,383,93
2244,81,38
2245,187,669
2246,563,760
2247,221,838
2248,762,93
2249,243,859
2250,798,281
2251,783,124
2252,375,887
2253,314,287
2254,78,84
2255,135,408
2256,629,844
2257,324,315
2258,836,417
2259,824,300
2260,907,841
2261,708,553
2262,472,319
2263,682,537
2264,837,777
2265,414,355
2266,318,881
2267,39,885
2268,780,267
2269,883,173
2270,829,493
2271,106,123
2272,878,500
2273,650,747
2274,647,239
2275,975,907
2276,656,927
2277,975,765
2278,238,475
2279,558,23
2280,446,527
2281,441,936
2282,59,698
2283,125,466
2284,525,872
2285,612,42
2286,389,202
2287,416,709
2288,739,131
2289,267,229
2290,780,2
2291,83,518
2292,336,853
2293,494,206
2294,641,399
2295,765,354
2296,494,100
2297,518,263
2298,433,283
2299,472,687
2300,49,33
2301,805,376
2302,805,329
2303,598,249
2304,569,123
2305,665,185
2306,593,338
2307,348,748
2308,914,236
2309,7,81
2310,184,387
2311,478,872
2312,703,85
2313,868,310
2314,277,426
2315,243,763
2316,120,81
2317,888,668
2318,791,455
2319,76,783
2320,615,266
2321,224,970
2322,965,603
2323,387,846
2324,46,177
2325,562,333
2326,140,339
2327,775,893
2328,306,403
2329,811,432
2330,579,496
2331,707,392
2332,632,356
2333,646,323
2334,589,122
2335,428,866
2336,456,691
2337,78,763
2338,790,926
2339,170,659
2340,678,496
2341,470,137
2342,299,376
2343,279,63
2344,544,843
2345,786,340
2346,43,560
2347,982,257
2348,692,914
2349,25,842
2350,329,370
2351,684,173
2352,814,445
2353,781,819
2354,944,666
2355,632,325
2356,307,260
2357,744,173
2358,115,307
2359,239,273
2360,485,524
2361,748,433
2362,739,350
2363,498,6
2364,454,51
2365,940,389
2366,424,145
2367,464,22
2368,644,488
2369,691,618
2370,219,14
2371,421,624
2372,363,515
2373,543,96
2374,200,549
2375,762,711
2376,157,524
2377,575,715
2378,735,352
2379,893,978
2380,14,175
2381,789,367
2382,414,443
2383,136,58
2384,842,684
2385,22,897
2386,348,976
2387,224,956
2388,333,600
2389,618,391
2390,780,346
2391,998,311
2392,598,387
2393,10,832
2394,0,395
2395,43,128
2396,841,65
2397,570,994
2398,866,59
2399,21,944
2400,774,81
2401,309,15
2402,248,222
2403,805,31
2404,244,268
2405,620,535
2406,316,237
2407,360,673
2408,305,890
2409,452,883
2410,611,257
2411,410,420
2412,658,113
2413,763,207
2414,440,881
2415,1004,627
2416,735,375
2417,494,126
2418,433,960
2419,613,223
2420,438,540
2421,895,307
2422,456,799
2423,10,211
2424,299,889
2425,188,16
2426,524,26
2427,343,243
2428,265,893
2429,649,528
2430,40,149
2431,805,278
2432,730,713
2433,123,932
2434,415,664
2435,789,939
2436,218,168
2437,578,335
2438,61,719
2439,616,123
2440,376,88
2441,671,815
2442,69,888
2443,200,245
2444,310,158
2445,515,500
2446,839,418
2447,973,400
2448,617,355
2449,71,992
2450,524,794
2451,726,86
2452,675,328
2453,787,43
2454,584,948
2455,415,549
2456,630,474
2457,49,425
2458,144,761
2459,940,916
2460,808,10
2461,366,376
2462,662,777
2463,635,54
2464,503,331
2465,721,724
2466,399,764
2467,870,856
2468,257,987
2469,843,625
2470,982,902
2471,365,168
2472,75,177
2473,471,867
2474,522,324
2475,464,874
2476,442,65
2477,504,89
2478,215,864
2479,707,430
2480,335,124
2481,610,485
2482,429,772
2483,912,298
2484,607,163
2485,154,727
2486,481,703
2487,214,249
2488,397,536
2489,529,552
2490,635,625
2491,66,125
2492,353,783
2493,756,476
2494,925,842
2495,49,402
2496,956,470
2497,814,914
2498,983,121
2499,634,367
2500,282,901
2501,960,610
2502,103,859
2503,565,407
2504,823,342
2505,537,613
2506,658,980
2507,428,264
2508,228,686
2509,311,753
2510,543,232
2511,590,395
2512,174,236
2513,22,468
2514,800,595
2515,689,683
2516,896,672
2517,831,148
2518,298,700
2519,793,645
2520,726,471
2521,488,37
2522,190,741
2523,878,541
2524,528,111
2525,983,388
2526,78,710
2527,385,563
2528,758,329
2529,523,961
2530,933,692
2531,637,149
2532,709,495
2533,879,592
2534,19,166
2535,449,875
2536,874,24
2537,44,233
2538,99,134
2539,603,880
2540,604,301
2541,79,936
2542,965,834
2543,240,321
2544,321,199
2545,731,467
2546,670,140
2547,831,721
2548,678,617
2549,782,335
2550,48,568
2551,189,938
2552,983,1004
2553,229,16
2554,509,284
2555,348,557
2556,969,196
2557,883,397
2558,650,88
2559,349,265
2560,78,700
2561,73,592
2562,348,690
2563,697,615
2564,378,264
2565,439,583
2566,733,412
2567,955,989
2568,739,537
2569,618,828
2570,865,417
2571,743,374
2572,808,875
2573,261,437
2574,719,271
2575,162,334
2576,922,83
2577,985,933
2578,547,163
2579,761,582
2580,796,417
2581,723,434
2582,25,922
2583,673,485
2584,455,416
2585,50,16
2586,814,840
2587,142,560
2588,147,278
2589,426,600
2590,312,240
2591,796,831
2592,941,736
2593,152,447
2594,948,46
2595,122,283
2596,999,904
2597,977,199
2598,881,397
2599,397,520
2600,390,312
2601,962,1001
2602,246,565
2603,404,832
2604,874,507
2605,546,1004
2606,749,222
2607,346,8
2608,897,547
2609,495,592
2610,501,431
2611,816,835
2612,655,385
2613,330,16
2614,257,523
2615,538,434
2616,691,703
2617,780,917
2618,624,341
2619,749,757
2620,76,224
2621,685,290
2622,13,293
2623,297,796
2624,914,922
2625,699,870
2626,834,486
2627,594,910
2628,548,541
2629,411,684
2630,480,411
2631,612,810
2632,413,1
2633,261,136
2634,64,92
2635,873,473
2636,647,834
2637,538,733
2638,833,451
2639,119,245
2640,11,510
2641,496,973
2642,500,7
2643,264,827
2644,121,372
2645,822,440
2646,827,19
2647,720,823
2648,58,990
2649,931,243
2650,852,17
2651,650,1
2652,786,944
2653,886,175
2654,451,823
2655,833,264
2656,904,224
2657,264,500
2658,391,389
2659,647,960
2660,802,902
2661,237,243
2662,760,854
2663,149,277
2664,602,573
2665,591,597
2666,976,76
2667,852,675
2668,388,250
2669,93,910
2670,523,836
2671,59,815
2672,633,901
2673,401,813
2674,58,456
2675,134,862
2676,797,316
2677,436,338
2678,921,606
2679,555,827
2680,226,798
2681,824,712
2682,415,307
2683,776,974
2684,215,220
2685,670,286
2686,421,720
2687,642,616
2688,227,248
2689,956,452
2690,843,938
2691,440,802
2692,295,150
2693,731,0
2694,396,387
2695,844,458
2696,222,228
2697,61,382
2698,909,207
2699,473,663
2700,350,907
2701,775,1
2702,138,921
2703,800,968
2704,841,391
2705,648,587
2706,932,49
2707,206,705
2708,9,421
2709,346,851
2710,341,775
2711,585,183
2712,386,392
2713,201,961
2714,832,520
2715,839,349
2716,47,725
2717,227,18
2718,85,297
2719,605,798
2720,109,577
2721,906,596
2722,61,396
2723,473,715
2724,452,573
2725,687,354
2726,1002,650
2727,400,962
2728,936,584
2729,473,780
2730,93,840
2731,988,285
2732,910,572
2733,994,286
2734,505,498
2735,135,251
2736,79,581
2737,521,766
2738,168,567
2739,207,813
2740,146,68
2741,566,569
2742,865,59
2743,907,824
2744,498,700
2745,318,75
2746,782,490
2747,157,342
2748,629,311
2749,213,293
2750,894,825
2751,846,468
2752,632,368
2753,419,714
2754,347,621
2755,871,178
2756,358,672
2757,18,215
2758,818,298
2759,231,907
2760,460,561
2761,952,551
2762,265,452
2763,664,817
2764,32,24
2765,604,481
2766,728,683
2767,921,3
2768,640,404
2769,47,367
2770,511,257
2771,1004,469
2772,569,498
2773,350,682
2774,959,457
2775,237,234
2776,147,589
2777,173,638
2778,961,199
2779,474,299
2780,360,602
2781,365,466
2782,685,532
2783,714,53
2784,585,664
2785,202,464
2786,242,240
2787,572,1000
2788,469,55
2789,226,731
2790,286,691
2791,256,576
2792,725,261
2793,200,457
2794,916,223
2795,932,107
2796,982,305
2797,658,973
2798,104,632
2799,844,576
2800,484,623
2801,884,587
2802,536,418
2803,985,390
2804,60,376
2805,319,237
2806,95,523
2807,176,544
2808,530,503
2809,907,682
2810,386,320
2811,149,781
2812,249,430
2813,347,149
2814,76,897
2815,289,402
2816,696,222
2817,965,133
2818,343,149
2819,8,951
2820,281,993
2821,918,917
2822,43,487
2823,256,585
2824,692,156
2825,223,734
2826,902,694
2827,167,523
2828,166,121
2829,82,601
2830,818,91
2831,707,566
2832,616,548
2833,234,931
2834,692,680
2835,204,51
2836,496,441
2837,270,544
2838,904,218
2839,306,327
2840,672,830
2841,850,486
2842,567,203
2843,49,372
2844,92,885
2845,281,982
2846,834,686
2847,242,319
2848,556,623
2849,548,490
2850,571,63
2851,534,567
2852,678,780
2853,392,377
2854,493,694
2855,845,281
2856,1,308
2857,574,292
2858,240,239
2859,397,985
2860,292,1000
2861,85,311
2862,983,229
2863,884,408
2864,600,822
2865,484,567
2866,270,694
2867,995,642
2868,833,503
2869,635,633
2870,9,247
2871,547,113
2872,754,805
2873,11,505
2874,667,627
2875,315,916
2876,842,101
2877,534,689
2878,3,826
2879,996,608
2880,558,893
2881,739,998
2882,846,696
2883,909,902
2884,135,169
2885,133,585
2886,10,858
2887,866,604
2888,443,47
2889,255,490
2890,702,965
2891,668,191
2892,664,714
2893,60,387
2894,856,558
2895,582,476
2896,394,397
2897,527,114
2898,502,488
2899,86,83
2900,544,562
2901,771,173
2902,874,176
2903,276,270
2904,992,574
2905,445,497
2906,727,744
2907,168,801
2908,840,291
2909,789,534
2910,493,199
2911,730,641
2912,90,478
2913,305,4
2914,259,20
2915,249,293
2916,623,515
2917,873,968
2918,863,718
2919,589,730
2920,347,122
2921,822,727
2922,528,6
2923,582,873
2924,964,28
2925,576,14
2926,585,526
2927,184,508
2928,951,421
2929,697,315
2930,165,336
2931,706,688
2932,687,662
2933,344,130
2934,403,836
2935,909,183
2936,645,226
2937,370,442
2938,267,525
2939,256,664
2940,922,510
2941,53,909
2942,18,73
2943,191,346
2944,487,827
2945,642,435
2946,543,562
2947,688,959
2948,264,247
2949,56,880
2950,632,386
2951,731,650
2952,566,451
2953,320,395
2954,384,653
2955,249,951
2956,823,498
2957,771,892
2958,805,608
2959,576,544
2960,647,745
2961,318,114
2962,882,571
2963,916,215
2964,486,829
2965,7,504
2966,316,852
2967,926,639
2968,761,382
2969,499,830
2970,343,214
2971,370,114
2972,574,425
2973,333,725
2974,840,626
2975,103,384
2976,347,257
2977,160,49
2978,478,143
2979,913,827
2980,336,900
2981,308,852
2982,840,464
2983,456,803
2984,386,398
2985,849,586
2986,715,663
2987,168,910
2988,817,133
2989,426,202
2990,534,413
2991,384,761
2992,838,617
2993,556,256
2994,221,645
2995,381,985
2996,855,747
2997,983,442
2998,798,905
2999,764,248
3000,203,835
3001,446,273
3002,149,575
3003,54,455
3004,916,798
3005,198,961
3006,385,382
3007,694,714
3008,789,817
3009,572,458
3010,673,946
3011,714,167
3012,164,794
3013,229,76
3014,452,658
3015,655,802
3016,569,996
3017,27,25
3018,260,923
3019,468,218
3020,228,308
3021,523,620
3022,594,121
3023,221,215
3024,102,896
3025,308,224
3026,257,712
3027,751,205
3028,177,313
3029,611,843
3030,973,44
3031,600,840
3032,297,603
3033,884,305
3034,571,520
3035,459,120
3036,455,604
3037,312,226
3038,311,1002
3039,556,198
3040,927,637
3041,907,149
3042,982,882
3043,707,529
3044,129,940
3045,747,779
3046,780,999
3047,839,352
3048,101,185
3049,588,545
3050,988,1004
3051,696,650
3052,332,805
3053,643,364
3054,791,655
3055,184,627
3056,3,832
3057,768,580
3058,86,160
3059,435,619
3060,58,899
3061,899,4
3062,873,780
3063,89,369
3064,111,475
3065,91,418
3066,42,561
3067,910,694
3068,655,256
3069,517,675
3070,246,856
3071,500,503
3072,426,65
3073,4,993
3074,65,749
3075,611,14
3076,53,705
3077,749,611
3078,556,203
3079,829,574
3080,732,623
3081,243,158
3082,801,791
3083,605,17
3084,324,265
3085,487,739
3086,1000,440
3087,349,257
3088,992,534
3089,905,696
3090,187,480
3091,444,981
3092,458,280
3093,206,706
3094,549,663
3095,752,372
3096,291,843
3097,574,843
3098,346,278
3099,363,615
3100,699,466
3101,221,314
3102,332,555
3103,398,60
3104,754,530
3105,202,936
3106,2,58
3107,543,909
3108,940,874
3109,853,384
3110,664,202
3111,916,314
3112,625,194
3113,358,293
3114,574,732
3115,725,229
3116,232,256
3117,697,872
3118,907,289
3119,402,871
3120,351,343
3121,589,673
3122,655,689
3123,611,440
3124,672,487
3125,206,270
3126,159,241
3127,440,523
3128,467,800
3129,451,666
3130,667,467
3131,426,207
3132,345,289
3133,802,817
3134,280,584
3135,289,352
3136,219,227
3137,167,515
3138,851,278
3139,731,313
3140,813,419
3141,625,826
3142,103,386
3143,229,897
3144,439,900
3145,713,778
3146,524,21
3147,550,188
3148,121,160
3149,314,308
3150,909,562
3151,956,649
3152,542,168
3153,307,797
3154,666,649
3155,381,947
3156,685,622
3157,515,822
3158,866,738
3159,535,259
3160,425,822
3161,199,544
3162,606,865
3163,292,207
3164,922,421
3165,91,968
3166,662,770
3167,246,421
3168,833,9
3169,197,689
3170,951,739
3171,629,223
3172,137,625
3173,822,280
3174,565,510
3175,591,230
3176,396,384
3177,678,69
3178,193,286
3179,563,523
3180,383,379
3181,608,922
3182,332,359
3183,441,805
3184,791,232
3185,658,823
3186,246,324
3187,52,150
3188,532,281
3189,74,797
3190,176,275
3191,68,799
3192,332,360
3193,702,486
3194,12,957
3195,768,842
3196,136,339
3197,874,836
3198,579,45
3199,37,785
3200,910,450
3201,775,0
3202,249,44
3203,275,413
3204,947,719
3205,209,931
3206,437,883
3207,74,629
3208,850,542
3209,602,555
3210,874,526
3211,708,842
3212,801,611
3213,450,543
3214,290,959
3215,224,309
3216,85,224
3217,199,626
3218,53,749
3219,760,592
3220,714,600
3221,813,65
3222,221,852
3223,399,202
3224,799,747
3225,171,897
3226,999,747
3227,929,46
3228,682,180
3229,450,965
3230,635,408
3231,11,8
3232,823,973
3233,84,50
3234,573,912
3235,502,504
3236,794,274
3237,782,948
3238,79,539
3239,832,56
3240,695,230
3241,727,276
3242,689,749
3243,392,741
3244,623,65
3245,947,379
3246,987,552
3247,626,694
3248,523,197
3249,45,657
3250,54,55
3251,658,805
3252,113,318
3253,95,790
3254,373,366
3255,899,832
3256,304,630
3257,275,702
3258,829,399
3259,610,995
3260,377,385
3261,572,256
3262,334,819
3263,386,377
3264,408,685
3265,397,389
3266,645,85
3267,718,58
3268,789,522
3269,95,129
3270,839,278
3271,381,386
3272,498,466
3273,46,447
3274,170,251
3275,568,874
3276,279,519
3277,940,200
3278,466,503
3279,322,274
3280,568,843
3281,676,139
3282,648,195
3283,668,156
3284,2,520
3285,813,744
3286,496,44
3287,394,250
3288,973,505
3289,194,928
3290,237,241
3291,664,133
3292,468,315
3293,480,818
3294,586,3
3295,945,881
3296,172,567
3297,516,297
3298,822,936
3299,366,166
3300,973,570
3301,26,32
3302,53,14
3303,81,187
3304,769,559
3305,998,729
3306,213,558
3307,805,510
3308,430,506
3309,571,815
3310,600,813
3311,791,938
3312,223,313
3313,392,61
3314,835,522
3315,963,159
3316,324,505
3317,627,582
3318,551,663
3319,368,741
3320,249,973
3321,998,498
3322,2,4
3323,840,961
3324,458,198
3325,603,414
3326,950,49
3327,953,28
3328,783,748
3329,147,906
3330,414,313
3331,757,171
3332,358,451
3333,167,576
3334,330,169
3335,370,263
3336,426,790
3337,402,257
3338,563,197
3339,666,529
3340,34,32
3341,178,656
3342,314,479
3343,987,866
3344,568,936
3345,643,162
3346,755,994
3347,572,817
3348,702,694
3349,466,754
3350,951,19
3351,133,544
3352,379,296
3353,674,525
3354,193,520
3355,210,235
3356,705,515
3357,784,807
3358,136,135
3359,697,316
3360,938,484
3361,434,42
3362,401,567
3363,4,193
3364,48,895
3365,530,951
3366,850,655
3367,1002,297
3368,952,873
3369,951,570
3370,443,976
3371,680,682
3372,221,605
3373,774,901
3374,827,358
3375,53,829
3376,927,599
3377,278,575
3378,995,837
3379,266,505
3380,81,467
3381,725,527
3382,910,464
3383,487,503
3384,732,959
3385,332,672
3386,665,886
3387,321,60
3388,160,372
3389,721,36
3390,899,635
3391,841,397
3392,909,568
3393,431,612
3394,18,916
3395,358,332
3396,493,563
3397,291,197
3398,215,731
3399,19,856
3400,441,739
3401,440,275
3402,421,19
3403,444,753
3404,850,522
3405,256,526
3406,91,958
3407,719,391
3408,7,700
3409,534,705
3410,183,292
3411,926,240
3412,112,989
3413,220,697
3414,93,290
3415,2,194
3416,486,568
3417,565,496
3418,720,573
3419,957,498
3420,686,745
3421,477,110
3422,461,735
3423,75,47
3424,241,926
3425,443,847
3426,823,267
3427,631,639
3428,428,660
3429,780,710
3430,53,401
3431,510,358
3432,515,702
3433,67,968
3434,276,844
3435,264,573
3436,678,81
3437,508,81
3438,391,383
3439,259,777
3440,425,543
3441,813,276
3442,844,623
3443,959,425
3444,111,66
3445,157,814
3446,175,991
3447,267,498
3448,987,126
3449,744,702
3450,309,341
3451,34,997
3452,947,384
3453,318,981
3454,856,666
3455,775,220
3456,122,907
3457,556,940
3458,968,473
3459,298,595
3460,590,545
3461,214,680
3462,805,922
3463,761,388
3464,275,844
3465,376,368
3466,739,362
3467,210,159
3468,315,314
3469,500,266
3470,277,907
3471,858,524
3472,188,952
3473,762,606
3474,95,399
3475,684,105
3476,484,790
3477,266,441
3478,358,856
3479,921,884
3480,201,401
3481,977,930
3482,203,843
3483,556,789
3484,78,445
3485,657,15
3486,289,712
3487,440,688
3488,931,319
3489,200,291
3490,855,690
3491,419,909
3492,66,329
3493,200,585
3494,8,830
3495,935,353
3496,524,400
3497,724,339
3498,175,174
3499,250,104
3500,401,200
3501,720,558
3502,711,606
3503,584,53
3504,603,516
3505,522,207
3506,798,314
3507,902,93
3508,452,8
3509,382,381
3510,249,658
3511,53,961
3512,262,839
3513,986,987
3514,345,231
3515,401,493
3516,399,1000
3517,115,339
3518,744,562
3519,672,566
3520,753,229
3521,223,218
3522,91,190
3523,741,396
3524,215,479
3525,221,220
3526,374,452
3527,381,320
3528,678,187
3529,635,57
3530,76,527
3531,504,951
3532,844,744
3533,813,168
3534,939,435
3535,700,912
3536,790,534
3537,449,120
3538,732,440
3539,172,835
3540,58,412
3541,275,902
3542,790,168
3543,382,632
3544,903,680
3545,893,360
3546,911,190
3547,751,204
3548,987,683
3549,218,675
3550,200,959
3551,670,884
3552,905,697
3553,172,959
3554,248,85
3555,332,504
3556,602,267
3557,791,458
3558,499,602
3559,843,902
3560,753,333
3561,741,250
3562,922,266
3563,440,458
3564,880,803
3565,199,688
3566,647,616
3567,413,65
3568,768,709
3569,387,985
3570,822,562
3571,913,951
3572,500,956
3573,304,96
3574,840,419
3575,558,360
3576,343,682
3577,542,14
3578,273,429
3579,256,910
3580,408,845
3581,368,772
3582,46,15
3583,837,619
3584,265,525
3585,276,689
3586,339,338
3587,696,904
3588,358,661
3589,584,850
3590,464,183
3591,278,348
3592,425,199
3593,467,540
3594,220,629
3595,138,762
3596,626,183
3597,92,325
3598,306,885
3599,421,570
3600,280,14
3601,170,436
3602,917,128
3603,990,195
3604,1002,317
3605,312,120
3606,694,53
3607,190,667
3608,844,689
3609,11,805
3610,3,718
3611,822,813
3612,652,112
3613,247,246
3614,63,882
3615,707,7
3616,421,141
3617,943,396
3618,985,368
3619,815,826
3620,573,19
3621,942,948
3622,829,198
3623,385,387
3624,510,912
3625,240,599
3626,25,997
3627,585,203
3628,272,322
3629,620,702
3630,713,667
3631,59,921
3632,576,801
3633,791,940
3634,744,689
3635,720,529
3636,952,958
3637,714,749
3638,707,324
3639,523,840
3640,33,964
3641,252,924
3642,722,35
3643,17,310
3644,233,238
3645,286,982
3646,663,188
3647,1000,789
3648,103,150
3649,558,358
3650,258,475
3651,601,932
3652,65,576
3653,754,504
3654,702,574
3655,990,305
3656,75,443
3657,419,440
3658,929,819
3659,245,847
3660,813,291
3661,273,592
3662,84,432
3663,239,210
3664,943,841
3665,168,290
3666,403,534
3667,967,804
3668,138,4
3669,203,172
3670,564,931
3671,281,195
3672,620,940
3673,232,413
3674,495,669
3675,284,346
3676,733,723
3677,981,897
3678,426,835
3679,705,938
3680,762,305
3681,909,201
3682,67,508
3683,901,990
3684,847,704
3685,165,437
3686,681,857
3687,661,956
3688,488,608
3689,313,603
3690,965,817
3691,905,227
3692,696,341
3693,611,65
3694,544,938
3695,833,658
3696,940,419
3697,294,844
3698,998,823
3699,59,520
3700,274,272
3701,582,778
3702,850,543
3703,544,817
3704,14,705
3705,319,927
3706,801,202
3707,68,958
3708,948,939
3709,639,931
3710,221,696
3711,523,572
3712,840,200
3713,399,611
3714,761,869
3715,311,228
3716,318,263
3717,558,530
3718,478,258
3719,901,622
3720,407,856
3721,603,798
3722,466,805
3723,262,682
3724,425,523
3725,742,541
3726,749,290
3727,813,959
3728,53,201
3729,25,35
3730,375,143
3731,121,49
3732,755,982
3733,999,968
3734,953,38
3735,138,606
3736,959,790
3737,203,198
3738,871,857
3739,622,571
3740,183,232
3741,141,957
3742,292,203
3743,522,202
3744,67,550
3745,359,666
3746,450,562
3747,199,484
3748,902,572
3749,993,571
3750,571,625
3751,291,294
3752,399,572
3753,532,803
3754,649,913
3755,542,791
3756,994,59
3757,120,313
3758,968,715
3759,451,827
3760,200,829
3761,396,388
3762,179,344
3763,869,632
3764,391,378
3765,990,994
3766,572,664
3767,49,752
3768,213,266
3769,901,832
3770,493,294
3771,602,729
3772,871,352
3773,636,586
3774,707,441
3775,550,877
3776,700,430
3777,992,403
3778,281,884
3779,23,25
3780,215,225
3781,647,491
3782,547,171
3783,307,248
3784,827,502
3785,388,321
3786,29,33
3787,826,762
3788,313,517
3789,256,850
3790,529,699
3791,859,888
3792,475,356
3793,7,452
3794,232,655
3795,17,316
3796,578,577
3797,180,907
3798,734,85
3799,187,509
3800,882,884
3801,293,555
3802,852,846
3803,928,921
3804,738,54
3805,317,224
3806,65,706
3807,765,421
3808,337,165
3809,365,720
3810,457,207
3811,53,664
3812,468,226
3813,998,362
3814,823,805
3815,357,475
3816,377,390
3817,972,540
3818,878,32
3819,93,207
3820,144,186
3821,47,261
3822,48,925
3823,664,655
3824,802,399
3825,749,909
3826,530,441
3827,284,851
3828,921,137
3829,942,686
3830,62,107
3831,509,779
3832,150,394
3833,515,727
3834,141,501
3835,555,830
3836,407,608
3837,782,127
3838,311,18
3839,651,420
3840,887,881
3841,928,622
3842,351,402
3843,858,22
3844,206,556
3845,68,779
3846,990,59
3847,101,662
3848,348,231
3849,734,731
3850,994,832
3851,408,982
3852,358,967
3853,822,276
3854,9,739
3855,835,938
3856,576,197
3857,672,430
3858,317,479
3859,146,67
3860,597,786
3861,228,459
3862,959,256
3863,373,107
3864,464,938
3865,222,307
3866,845,520
3867,805,912
3868,398,150
3869,629,797
3870,647,613
3871,981,725
3872,324,407
3873,646,552
3874,192,56
3875,982,711
3876,555,649
3877,423,527
3878,356,375
3879,413,626
3880,588,38
3881,910,844
3882,250,868
3883,403,744
3884,985,376
3885,730,541
3886,542,464
3887,564,233
3888,664,584
3889,910,543
3890,211,552
3891,472,686
3892,116,123
3893,466,566
3894,406,332
3895,317,697
3896,667,480
3897,284,656
3898,858,538
3899,582,911
3900,565,503
3901,951,264
3902,501,608
3903,138,755
3904,161,998
3905,151,370
3906,706,620
3907,487,264
3908,731,17
3909,324,451
3910,981,245
3911,73,797
3912,56,635
3913,202,203
3914,961,167
3915,274,273
3916,971,665
3917,95,458
3918,375,110
3919,804,720
3920,167,574
3921,359,7
3922,540,418
3923,444,897
3924,925,263
3925,293,487
3926,867,988
3927,181,841
3928,206,544
3929,675,605
3930,449,675
3931,586,622
3932,201,567
3933,485,897
3934,156,347
3935,292,172
3936,180,851
3937,367,981
3938,775,74
3939,487,266
3940,901,137
3941,440,93
3942,670,718
3943,675,459
3944,313,415
3945,333,367
3946,605,731
3947,32,30
3948,265,421
3949,267,674
3950,930,242
3951,348,668
3952,457,623
3953,512,589
3954,802,294
3955,397,391
3956,435,491
3957,722,25
3958,168,294
3959,590,34
3960,634,286
3961,446,428
3962,201,515
3963,861,970
3964,387,181
3965,60,397
3966,550,508
3967,923,92
3968,330,883
3969,505,805
3970,129,14
3971,540,713
3972,668,257
3973,293,956
3974,916,307
3975,929,854
3976,856,661
3977,413,562
3978,18,645
3979,945,723
3980,294,992
3981,882,57
3982,368,868
3983,515,129
3984,928,4
3985,166,594
3986,332,602
3987,997,36
3988,850,199
3989,916,872
3990,605,73
3991,664,544
3992,476,418
3993,822,584
3994,826,982
3995,529,362
3996,556,585
3997,722,30
3998,267,830
3999,7,823
4000,927,639
4001,841,396
4002,294,197
4003,959,65
4004,360,570
4005,854,322
4006,815,711
4007,133,290
4008,149,231
4009,289,681
4010,746,627
4011,191,231
4012,219,1
4013,1002,852
4014,628,52
4015,9,510
4016,841,103
4017,1001,634
4018,265,358
4019,196,751
4020,430,7
4021,248,228
4022,276,292
4023,156,257
4024,582,467
4025,387,391
4026,246,996
4027,280,542
4028,93,65
4029,272,796
4030,12,360
4031,138,286
4032,293,893
4033,951,360
4034,730,596
4035,967,498
4036,37,915
4037,447,216
4038,626,790
4039,467,778
4040,718,532
4041,296,772
4042,574,65
4043,181,628
4044,415,517
4045,760,819
4046,697,645
4047,606,899
4048,743,85
4049,501,421
4050,383,395
4051,706,168
4052,582,540
4053,18,734
4054,629,743
4055,984,422
4056,556,413
4057,806,740
4058,487,265
4059,178,214
4060,145,518
4061,471,831
4062,584,199
4063,953,35
4064,713,418
4065,199,413
4066,359,967
4067,702,276
4068,898,683
4069,691,865
4070,146,536
4071,72,975
4072,673,519
4073,743,177
4074,447,592
4075,681,851
4076,14,232
4077,732,705
4078,609,900
4079,526,65
4080,414,215
4081,700,573
4082,169,883
4083,17,1
4084,438,609
4085,516,17
4086,663,509
4087,562,961
4088,290,626
4089,58,192
4090,370,119
4091,762,648
4092,787,607
4093,453,127
4094,609,330
4095,621,148
4096,356,66
4097,446,139
4098,625,59
4099,772,378
4100,715,710
4101,255,942
4102,919,725
4103,375,475
4104,509,299
4105,360,266
4106,842,98
4107,921,994
4108,858,400
4109,413,202
4110,838,929
4111,832,281
4112,703,72
4113,611,526
4114,972,299
4115,722,915
4116,206,584
4117,267,649
4118,950,86
4119,894,538
4120,646,987
4121,967,505
4122,344,277
4123,841,385
4124,744,201
4125,84,71
4126,875,507
4127,157,351
4128,485,757
4129,41,776
4130,632,296
4131,565,487
4132,398,61
4133,700,661
4134,670,691
4135,374,498
4136,542,817
4137,990,884
4138,361,263
4139,694,576
4140,799,299
4141,972,184
4142,127,995
4143,996,804
4144,56,412
4145,841,182
4146,209,236
4147,180,348
4148,155,363
4149,200,172
4150,358,570
4151,441,247
4152,418,81
4153,749,440
4154,713,474
4155,458,835
4156,202,207
4157,296,61
4158,361,895
4159,592,933
4160,667,746
4161,366,282
4162,183,168
4163,291,403
4164,2,711
4165,493,523
4166,22,260
4167,734,225
4168,278,289
4169,1001,884
4170,571,408
4171,39,32
4172,913,266
4173,329,258
4174,203,850
4175,341,605
4176,781,345
4177,843,276
4178,360,502
4179,275,556
4180,608,266
4181,500,12
4182,510,488
4183,119,981
4184,667,690
4185,764,341
4186,83,283
4187,940,522
4188,401,95
4189,966,716
4190,362,374
4191,311,415
4192,678,146
4193,921,990
4194,946,730
4195,838,933
4196,602,529
4197,623,1000
4198,547,76
4199,200,14
4200,250,391
4201,790,200
4202,803,899
4203,346,871
4204,293,406
4205,729,912
4206,392,182
4207,813,567
4208,229,367
4209,57,622
4210,105,87
4211,486,965
4212,449,1
4213,958,298
4214,802,53
4215,65,655
4216,956,893
4217,764,479
4218,606,193
4219,270,232
4220,481,469
4221,401,702
4222,220,1002
4223,8,19
4224,902,14
4225,219,603
4226,631,239
4227,276,200
4228,199,133
4229,826,901
4230,714,493
4231,458,276
4232,465,641
4233,814,348
4234,813,523
4235,837,642
4236,296,376
4237,56,137
4238,74,697
4239,590,964
4240,936,940
4241,11,265
4242,294,694
4243,996,510
4244,349,342
4245,201,133
4246,885,326
4247,544,168
4248,313,227
4249,309,697
4250,540,800
4251,86,49
4252,503,951
4253,440,909
4254,98,618
4255,739,500
4256,786,512
4257,193,412
4258,387,628
4259,0,650
4260,359,804
4261,246,161
4262,367,443
4263,53,200
4264,487,505
4265,628,250
4266,473,855
4267,584,457
4268,737,132
4269,599,639
4270,380,378
4271,367,423
4272,451,754
4273,3,990
4274,464,493
4275,38,964
4276,198,694
4277,441,823
4278,757,318
4279,587,520
4280,817,655
4281,199,403
4282,347,692
4283,822,556
4284,65,493
4285,940,585
4286,582,799
4287,458,53
4288,191,148
4289,542,936
4290,699,430
4291,363,984
4292,523,568
4293,368,389
4294,751,908
4295,765,951
4296,156,345
4297,52,295
4298,998,247
4299,532,3
4300,953,722
4301,181,653
4302,312,223
4303,168,523
4304,935,124
4305,440,706
4306,43,488
4307,940,836
4308,281,622
4309,698,683
4310,67,972
4311,748,597
4312,450,425
4313,476,818
4314,452,332
4315,921,648
4316,961,611
4317,381,104
4318,52,104
4319,744,440
4320,45,929
4321,43,264
4322,902,664
4323,568,749
4324,823,407
4325,396,380
4326,347,148
4327,922,913
4328,500,913
4329,246,430
4330,540,778
4331,2,286
4332,440,563
4333,218,18
4334,201,965
4335,12,565
4336,326,890
4337,542,585
4338,150,772
4339,768,935
4340,1000,822
4341,415,224
4342,458,817
4343,1001,826
4344,983,919
4345,689,732
4346,535,524
4347,548,610
4348,294,664
4349,817,705
4350,640,708
4351,1002,18
4352,498,510
4353,200,425
4354,622,648
4355,834,642
4356,272,269
4357,813,694
4358,702,426
4359,893,729
4360,697,605
4361,723,21
4362,231,278
4363,539,848
4364,51,205
4365,264,804
4366,730,465
4367,371,323
4368,11,823
4369,480,549
4370,292,732
4371,653,295
4372,943,761
4373,151,119
4374,441,360
4375,374,359
4376,833,430
4377,564,930
4378,300,891
4379,123,135
4380,468,629
4381,496,503
4382,263,976
4383,235,209
4384,35,39
4385,551,968
4386,949,898
4387,403,292
4388,224,307
4389,428,448
4390,666,805
4391,798,312
4392,479,73
4393,499,451
4394,915,878
4395,418,958
4396,622,137
4397,781,178
4398,64,5
4399,568,959
4400,605,1002
4401,811,531
4402,993,633
4403,627,509
4404,430,266
4405,760,447
4406,948,491
4407,397,395
4408,973,827
4409,739,956
4410,710,299
4411,9,608
4412,292,836
4413,207,53
4414,7,496
4415,958,972
4416,228,316
4417,476,678
4418,837,610
4419,188,818
4420,790,280
4421,156,351
4422,510,998
4423,176,694
4424,729,957
4425,40,953
4426,569,12
4427,336,337
4428,385,386
4429,467,184
4430,572,440
4431,1,226
4432,917,41
4433,551,184
4434,596,495
4435,793,591
4436,426,802
4437,832,845
4438,817,413
4439,308,605
4440,563,790
4441,775,310
4442,449,222
4443,634,865
4444,200,574
4445,213,856
4446,64,489
4447,800,873
4448,815,685
4449,1000,965
4450,551,188
4451,690,474
4452,275,626
4453,629,225
4454,869,182
4455,361,704
4456,235,977
4457,197,515
4458,14,275
4459,837,548
4460,947,321
4461,538,326
4462,141,249
4463,2,899
4464,207,197
4465,181,182
4466,694,515
4467,804,249
4468,256,843
4469,206,936
4470,53,562
4471,544,706
4472,401,203
4473,663,855
4474,466,452
4475,452,249
4476,141,360
4477,682,289
4478,673,695
4479,454,109
4480,568,168
4481,232,426
4482,922,661
4483,232,197
4484,374,441
4485,724,609
4486,428,838
4487,116,436
4488,44,672
4489,261,113
4490,799,184
4491,893,430
4492,358,956
4493,415,85
4494,28,24
4495,527,847
4496,292,817
4497,902,200
4498,649,996
4499,201,493
4500,486,457
4501,558,699
4502,521,554
4503,140,819
4504,522,562
4505,484,176
4506,685,982
4507,915,30
4508,12,498
4509,248,215
4510,313,315
4511,998,44
4512,549,952
4513,428,933
4514,745,782
4515,157,871
4516,902,600
4517,231,824
4518,440,207
4519,523,172
4520,12,365
4521,916,479
4522,362,8
4523,954,363
4524,666,573
4525,481,698
4526,719,841
4527,573,362
4528,221,415
4529,226,222
4530,292,198
4531,903,857
4532,659,960
4533,655,95
4534,702,749
4535,523,522
4536,358,441
4537,763,87
4538,675,215
4539,265,502
4540,797,315
4541,595,958
4542,835,936
4543,202,940
4544,633,194
4545,597,147
4546,988,455
4547,998,466
4548,496,729
4549,898,698
4550,943,868
4551,53,292
4552,398,378
4553,829,464
4554,790,65
4555,76,48
4556,674,754
4557,783,465
4558,676,579
4559,948,490
4560,138,59
4561,940,294
4562,937,354
4563,236,243
4564,722,721
4565,639,240
4566,798,225
4567,248,872
4568,183,458
4569,332,951
4570,374,555
4571,236,631
4572,167,493
4573,426,992
4574,825,887
4575,365,973
4576,668,680
4577,223,650
4578,421,957
4579,474,958
4580,938,543
4581,610,647
4582,801,401
4583,438,169
4584,275,458
4585,201,1000
4586,421,506
4587,199,426
4588,451,765
4589,600,93
4590,960,837
4591,430,674
4592,59,901
4593,958,667
4594,65,515
4595,388,397
4596,892,891
4597,178,680
4598,505,374
4599,238,977
4600,11,249
4601,889,771
4602,743,852
4603,482,134
4604,386,868
4605,608,649
4606,401,206
4607,938,909
4608,433,162
4609,801,749
4610,764,18
4611,266,804
4612,498,421
4613,123,860
4614,442,847
4615,397,772
4616,702,992
4617,805,249
4618,567,95
4619,39,23
4620,362,570
4621,374,912
4622,815,803
4623,52,321
4624,68,595
4625,510,658
4626,910,585
4627,575,857
4628,177,516
4629,628,398
4630,991,812
4631,620,959
4632,702,523
4633,951,487
4634,817,702
4635,595,550
4636,371,101
4637,522,902
4638,35,721
4639,365,247
4640,459,1
4641,1001,532
4642,576,276
4643,133,413
4644,768,640
4645,318,171
4646,705,702
4647,702,714
4648,715,873
4649,65,464
4650,424,561
4651,584,426
4652,910,207
4653,474,667
4654,430,912
4655,775,415
4656,197,198
4657,362,247
4658,227,479
4659,214,156
4660,843,802
4661,76,75
4662,576,702
4663,798,449
4664,844,399
4665,636,281
4666,805,7
4667,423,263
4668,747,911
4669,667,509
4670,375,112
4671,69,972
4672,554,482
4673,826,832
4674,168,744
4675,992,874
4676,377,395
4677,265,406
4678,798,311
4679,50,643
4680,817,543
4681,395,52
4682,732,172
4683,996,487
4684,956,264
4685,929,579
4686,275,280
4687,968,474
4688,47,76
4689,928,849
4690,963,237
4691,71,217
4692,343,284
4693,200,197
4694,706,1000
4695,568,965
4696,368,61
4697,317,645
4698,768,937
4699,479,629
4700,909,817
4701,59,863
4702,794,272
4703,815,845
4704,80,966
4705,840,802
4706,505,249
4707,305,880
4708,608,823
4709,666,555
4710,542,534
4711,857,712
4712,526,401
4713,349,278
4714,461,274
4715,19,666
4716,286,412
4717,180,857
4718,14,817
4719,987,208
4720,882,59
4721,473,188
4722,7,506
4723,99,842
4724,213,804
4725,829,714
4726,426,572
4727,184,540
4728,403,440
4729,820,751
4730,923,400
4731,654,288
4732,486,836
4733,208,481
4734,496,649
4735,696,731
4736,734,415
4737,276,542
4738,90,514
4739,549,972
4740,859,991
4741,600,522
4742,74,734
4743,294,458
4744,727,486
4745,925,417
4746,150,392
4747,202,817
4748,994,571
4749,688,836
4750,480,68
4751,574,938
4752,200,440
4753,276,574
4754,379,387
4755,216,164
4756,208,55
4757,565,823
4758,944,512
4759,202,486
4760,278,712
4761,119,114
4762,824,130
4763,731,248
4764,920,944
4765,658,913
4766,865,2
4767,380,853
4768,105,434
4769,445,848
4770,698,55
4771,464,992
4772,172,817
4773,314,341
4774,284,347
4775,287,189
4776,313,629
4777,705,572
4778,547,442
4779,574,526
4780,912,43
4781,887,894
4782,358,565
4783,305,845
4784,501,267
4785,209,233
4786,63,921
4787,138,880
4788,908,970
4789,678,778
4790,558,996
4791,789,940
4792,293,246
4793,363,422
4794,228,177
4795,863,192
4796,72,881
4797,943,389
4798,187,969
4799,433,612
4800,269,448
4801,912,7
4802,639,564
4803,0,764
4804,381,387
4805,856,570
4806,875,759
4807,284,839
4808,175,971
4809,843,1000
4810,973,555
4811,296,368
4812,230,748
4813,916,17
4814,224,314
4815,712,871
4816,232,133
4817,225,177
4818,287,958
4819,689,133
4820,856,765
4821,184,190
4822,633,286
4823,416,538
4824,437,609
4825,939,942
4826,968,298
4827,480,713
4828,574,791
4829,496,161
4830,917,974
4831,167,585
4832,959,789
4833,402,148
4834,210,963
4835,358,499
4836,782,548
4837,325,327
4838,807,131
4839,563,829
4840,20,260
4841,245,114
4842,30,25
4843,603,629
4844,320,389
4845,965,844
4846,194,63
4847,564,239
4848,992,425
4849,685,990
4850,477,143
4851,201,167
4852,117,939
4853,739,674
4854,255,491
4855,982,587
4856,241,637
4857,636,408
4858,41,861
4859,149,681
4860,950,373
4861,645,218
4862,476,81
4863,413,270
4864,880,571
4865,413,840
4866,190,474
4867,69,800
4868,895,981
4869,736,559
4870,943,869
4871,938,176
4872,416,723
4873,228,317
4874,382,391
4875,838,334
4876,337,123
4877,744,568
4878,118,301
4879,627,551
4880,27,29
4881,330,816
4882,815,718
4883,378,61
4884,691,606
4885,790,623
4886,663,91
4887,850,802
4888,270,790
4889,167,419
4890,649,406
4891,911,508
4892,435,659
4893,681,680
4894,749,201
4895,85,307
4896,421,496
4897,893,957
4898,388,368
4899,563,789
4900,451,830
4901,574,544
4902,694,95
4903,190,69
4904,190,627
4905,502,893
4906,182,381
4907,623,401
4908,3,648
4909,937,100
4910,994,899
4911,344,352
4912,499,765
4913,540,952
4914,138,192
4915,993,606
4916,789,843
4917,556,523
4918,791,486
4919,688,426
4920,843,534
4921,801,232
4922,576,835
4923,148,231
4924,34,27
4925,973,754
4926,774,532
4927,1000,276
4928,523,65
4929,449,18
4930,293,451
4931,958,540
4932,803,281
4933,502,765
4934,320,103
4935,640,98
4936,918,94
4937,440,568
4938,443,725
4939,126,867
4940,264,967
4941,180,122
4942,992,910
4943,500,44
4944,815,762
4945,835,801
4946,294,133
4947,506,729
4948,498,672
4949,397,386
4950,856,498
4951,213,573
4952,494,366
4953,658,506
4954,530,699
4955,44,213
4956,694,936
4957,19,374
4958,176,201
4959,749,197
4960,172,464
4961,657,446
4962,747,715
4963,407,365
4964,225,904
4965,935,770
4966,25,721
4967,266,823
4968,649,499
4969,380,250
4970,56,648
4971,332,530
4972,309,221
4973,176,584
4974,532,826
4975,393,390
4976,751,918
4977,733,887
4978,913,700
4979,993,865
4980,203,749
4981,499,246
4982,664,129
4983,28,588
4984,362,506
4985,62,601
4986,940,484
4987,358,658
4988,711,685
4989,972,551
4990,910,563
4991,801,515
4992,910,458
4993,257,179
4994,90,66
4995,46,794
4996,117,616
4997,139,448
4998,433,71
4999,765,430
